0.0 0.0
0.0 0.0
0.0 0.0
0.0 0.0
0.0 0.0
0.0 0.0
0.0 0.0
0.0 0.0
0.0 0.0
0.0 0.0
0.0 0.0
0.0 0.0
-8.14697981114816 3.0
-8.332281830033345 0.0
-8.49905364703001 0.0
-8.649148282327008 0.0
-8.784233454094307 0.0
-8.905810108684877 0.0
-9.01522909781639 0.0
-9.113706188034751 0.0
-9.202335569231277 0.0
0.0 0.0
0.0 0.0
-7.94108867905351 3.0
0.0 0.0
0.0 0.0
0.0 0.0
0.0 0.0
0.0 0.0
-8.905810108684877 3.0
0.0 0.0
-9.28210201230815 1.0
0.0 0.0
0.0 0.0
-7.7123207545039 3.0
-7.94108867905351 0.0
-8.14697981114816 0.0
-8.332281830033345 0.0
-8.49905364703001 0.0
-8.649148282327008 0.0
-8.784233454094307 0.0
0.0 0.0
-9.353891811077334 1.0
0.0 0.0
0.0 0.0
-7.458134171671 3.0
0.0 0.0
-8.332281830033345 1.0
0.0 0.0
0.0 0.0
0.0 0.0
0.0 0.0
0.0 0.0
-9.4185026299696 1.0
0.0 0.0
0.0 0.0
-7.175704635190001 3.0
0.0 0.0
-8.49905364703001 1.0
-8.649148282327008 0.0
-8.784233454094307 0.0
0.0 0.0
-9.57608841724784 2.0
-9.528987130275377 2.0
-9.47665236697264 1.0
0.0 0.0
0.0 0.0
-6.861894039100001 3.0
0.0 0.0
-8.649148282327008 1.0
0.0 0.0
0.0 0.0
0.0 0.0
0.0 0.0
0.0 0.0
-9.528987130275377 1.0
0.0 0.0
0.0 0.0
-6.5132155990000005 3.0
0.0 0.0
-8.784233454094307 1.0
0.0 0.0
-1.9 2.0
-1.0 2.0
0.0 0.0
0.0 0.0
-9.57608841724784 1.0
0.0 0.0
0.0 0.0
-6.12579511 3.0
0.0 0.0
0.0 0.0
0.0 0.0
-2.71 1.0
0.0 0.0
0.0 0.0
0.0 0.0
-9.618479575523056 1.0
0.0 0.0
0.0 0.0
-5.6953279000000006 2.0
-5.217031 2.0
-4.68559 2.0
-4.0951 2.0
-3.439 1.0
-4.0951 0.0
-4.68559 0.0
0.0 0.0
-9.656631617970751 1.0
0.0 0.0
0.0 0.0
0.0 0.0
0.0 0.0
0.0 0.0
0.0 0.0
0.0 0.0
0.0 0.0
0.0 0.0
0.0 0.0
0.0 0.0
0.0 0.0
